70
NULL 0 Common 0
Joined 7 0,255,0,255,0,0,0,0,0,0 Latin 1 0 1 Joined	# Joined [4a 6f 69 6e 65 64 ]a
|Broken|0|1 15 0,255,0,255,0,0,0,0,0,0 Common 2 10 2 |Broken|0|1	# Broken
A 5 0,255,0,255,0,0,0,0,0,0 Latin 5 0 3 A	# A [41 ]A
g 3 0,255,0,255,0,0,0,0,0,0 Latin 30 0 4 g	# g [67 ]a
a 3 0,255,0,255,0,0,0,0,0,0 Latin 3 0 5 a	# a [61 ]a
m 3 0,255,0,255,0,0,0,0,0,0 Latin 15 0 6 m	# m [6d ]a
: 16 0,255,0,255,0,0,0,0,0,0 Common 7 6 7 :	# : [3a ]p
B 5 0,255,0,255,0,0,0,0,0,0 Latin 52 0 8 B	# B [42 ]A
U 5 0,255,0,255,0,0,0,0,0,0 Latin 17 0 9 U	# U [55 ]A
D 5 0,255,0,255,0,0,0,0,0,0 Latin 53 0 10 D	# D [44 ]A
H 5 0,255,0,255,0,0,0,0,0,0 Latin 31 0 11 H	# H [48 ]A
l 3 0,255,0,255,0,0,0,0,0,0 Latin 35 0 12 l	# l [6c ]a
t 3 0,255,0,255,0,0,0,0,0,0 Latin 24 0 13 t	# t [74 ]a
J 5 0,255,0,255,0,0,0,0,0,0 Latin 41 0 14 J	# J [4a ]A
M 5 0,255,0,255,0,0,0,0,0,0 Latin 6 0 15 M	# M [4d ]A
n 3 0,255,0,255,0,0,0,0,0,0 Latin 38 0 16 n	# n [6e ]a
u 3 0,255,0,255,0,0,0,0,0,0 Latin 9 0 17 u	# u [75 ]a
R 5 0,255,0,255,0,0,0,0,0,0 Latin 29 0 18 R	# R [52 ]A
y 3 0,255,0,255,0,0,0,0,0,0 Latin 57 0 19 y	# y [79 ]a
K 5 0,255,0,255,0,0,0,0,0,0 Latin 23 0 20 K	# K [4b ]A
o 3 0,255,0,255,0,0,0,0,0,0 Latin 56 0 21 o	# o [6f ]a
p 3 0,255,0,255,0,0,0,0,0,0 Latin 28 0 22 p	# p [70 ]a
k 3 0,255,0,255,0,0,0,0,0,0 Latin 20 0 23 k	# k [6b ]a
T 5 0,255,0,255,0,0,0,0,0,0 Latin 13 0 24 T	# T [54 ]A
e 3 0,255,0,255,0,0,0,0,0,0 Latin 34 0 25 e	# e [65 ]a
s 3 0,255,0,255,0,0,0,0,0,0 Latin 32 0 26 s	# s [73 ]a
i 3 0,255,0,255,0,0,0,0,0,0 Latin 37 0 27 i	# i [69 ]a
P 5 0,255,0,255,0,0,0,0,0,0 Latin 22 0 28 P	# P [50 ]A
r 3 0,255,0,255,0,0,0,0,0,0 Latin 18 0 29 r	# r [72 ]a
G 5 0,255,0,255,0,0,0,0,0,0 Latin 4 0 30 G	# G [47 ]A
h 3 0,255,0,255,0,0,0,0,0,0 Latin 11 0 31 h	# h [68 ]a
S 5 0,255,0,255,0,0,0,0,0,0 Latin 26 0 32 S	# S [53 ]A
w 3 0,255,0,255,0,0,0,0,0,0 Latin 36 0 33 w	# w [77 ]a
E 5 0,255,0,255,0,0,0,0,0,0 Latin 25 0 34 E	# E [45 ]A
L 5 0,255,0,255,0,0,0,0,0,0 Latin 12 0 35 L	# L [4c ]A
W 5 0,255,0,255,0,0,0,0,0,0 Latin 33 0 36 W	# W [57 ]A
I 5 0,255,0,255,0,0,0,0,0,0 Latin 27 0 37 I	# I [49 ]A
N 5 0,255,0,255,0,0,0,0,0,0 Latin 16 0 38 N	# N [4e ]A
c 3 0,255,0,255,0,0,0,0,0,0 Latin 58 0 39 c	# c [63 ]a
/ 16 0,255,0,255,0,0,0,0,0,0 Common 40 6 40 /	# / [2f ]p
j 3 0,255,0,255,0,0,0,0,0,0 Latin 14 0 41 j	# j [6a ]a
, 16 0,255,0,255,0,0,0,0,0,0 Common 42 6 42 ,	# , [2c ]p
8 8 0,255,0,255,0,0,0,0,0,0 Common 43 2 43 8	# 8 [38 ]0
4 8 0,255,0,255,0,0,0,0,0,0 Common 44 2 44 4	# 4 [34 ]0
- 16 0,255,0,255,0,0,0,0,0,0 Common 45 3 45 -	# - [2d ]p
0 8 0,255,0,255,0,0,0,0,0,0 Common 46 2 46 0	# 0 [30 ]0
6 8 0,255,0,255,0,0,0,0,0,0 Common 47 2 47 6	# 6 [36 ]0
7 8 0,255,0,255,0,0,0,0,0,0 Common 48 2 48 7	# 7 [37 ]0
2 8 0,255,0,255,0,0,0,0,0,0 Common 49 2 49 2	# 2 [32 ]0
9 8 0,255,0,255,0,0,0,0,0,0 Common 50 2 50 9	# 9 [39 ]0
1 8 0,255,0,255,0,0,0,0,0,0 Common 51 2 51 1	# 1 [31 ]0
b 3 0,255,0,255,0,0,0,0,0,0 Latin 8 0 52 b	# b [62 ]a
d 3 0,255,0,255,0,0,0,0,0,0 Latin 10 0 53 d	# d [64 ]a
5 8 0,255,0,255,0,0,0,0,0,0 Common 54 2 54 5	# 5 [35 ]0
3 8 0,255,0,255,0,0,0,0,0,0 Common 55 2 55 3	# 3 [33 ]0
O 5 0,255,0,255,0,0,0,0,0,0 Latin 21 0 56 O	# O [4f ]A
Y 5 0,255,0,255,0,0,0,0,0,0 Latin 19 0 57 Y	# Y [59 ]A
C 5 0,255,0,255,0,0,0,0,0,0 Latin 39 0 58 C	# C [43 ]A
( 16 0,255,0,255,0,0,0,0,0,0 Common 59 10 60 (	# ( [28 ]p
) 16 0,255,0,255,0,0,0,0,0,0 Common 60 10 59 )	# ) [29 ]p
v 3 0,255,0,255,0,0,0,0,0,0 Latin 62 0 61 v	# v [76 ]a
V 5 0,255,0,255,0,0,0,0,0,0 Latin 61 0 62 V	# V [56 ]A
z 3 0,255,0,255,0,0,0,0,0,0 Latin 69 0 63 z	# z [7a ]a
X 5 0,255,0,255,0,0,0,0,0,0 Latin 64 0 64 X	# X [58 ]A
F 5 0,255,0,255,0,0,0,0,0,0 Latin 67 0 65 F	# F [46 ]A
. 16 0,255,0,255,0,0,0,0,0,0 Common 66 6 66 .	# . [2e ]p
f 3 0,255,0,255,0,0,0,0,0,0 Latin 65 0 67 f	# f [66 ]a
q 3 0,255,0,255,0,0,0,0,0,0 Latin 68 0 68 q	# q [71 ]a
Z 5 0,255,0,255,0,0,0,0,0,0 Latin 63 0 69 Z	# Z [5a ]A
